Burstein's switchbox without last column

number_of_nets 24
rectagoncorners 4
0 0
23 0
23 16
0 16
number_of_pins 66
15 1 0 1
24 1 16 1
17 2 16 1
2 3 0 1
16 3 16 1
4 4 0 1
4 4 16 1
12 5 0 1
7 5 16 1
7 6 0 1
6 6 16 1
6 7 0 1
5 7 16 1
9 8 0 1
9 8 16 1
5 9 0 1
8 9 16 1
8 10 0 1
13 11 0 1
9 11 16 1
15 12 0 1
12 12 16 1
14 13 0 1
15 13 16 1
15 14 0 1
24 14 16 1
15 15 16 1
21 16 0 1
10 16 16 1
20 17 0 1
23 17 16 1
1 18 0 1
1 18 16 1
2 19 0 1
19 20 0 1
1 21 0 1
22 21 16 1
18 22 0 1
18 22 16 1
15 23 1 2
3 23 2 2
14 0 3 2
19 23 3 2
13 0 4 2
24 23 4 2
11 0 5 2
24 0 6 2
20 23 6 2
1 0 7 2
18 23 7 2
9 0 8 2
20 23 8 2
2 0 9 2
11 23 9 2
17 0 10 2
21 23 10 2
12 0 11 2
18 23 11 2
16 0 12 2
23 23 12 2
4 0 13 2
2 23 13 2
10 0 14 2
22 23 14 2
3 0 15 2
18 23 15 2
