number_of_nets 72
rectagoncorners 4
0 0
170 0
170 20
0 20
number_of_pins 296
1 1 0 1
2 2 0 1
3 2 20 1
4 3 0 1
5 3 20 1
6 4 0 1
7 4 20 1
8 5 0 1
9 5 20 1
10 6 0 1
5 6 20 1
11 7 0 1
12 7 20 1
13 8 0 1
14 8 20 1
3 9 0 1
15 9 20 1
9 10 0 1
7 10 20 1
16 11 0 1
12 11 20 1
5 12 0 1
14 12 20 1
17 13 0 1
7 13 20 1
11 14 0 1
4 14 20 1
5 15 0 1
13 15 20 1
14 16 0 1
8 16 20 1
14 17 0 1
6 17 20 1
7 18 0 1
15 18 20 1
12 19 0 1
18 19 20 1
17 20 0 1
14 20 20 1
19 21 0 1
8 21 20 1
1 22 0 1
6 22 20 1
20 23 0 1
11 23 20 1
21 24 0 1
22 24 20 1
23 25 0 1
21 25 20 1
24 26 0 1
18 27 20 1
16 28 0 1
16 28 20 1
10 29 0 1
18 29 20 1
3 30 0 1
16 30 20 1
11 31 0 1
25 32 0 1
8 32 20 1
6 33 20 1
26 34 0 1
26 34 20 1
11 35 0 1
11 35 20 1
26 36 0 1
11 37 0 1
24 37 20 1
23 38 20 1
27 39 0 1
25 39 20 1
28 40 0 1
20 40 20 1
11 41 0 1
1 41 20 1
3 42 0 1
29 42 20 1
9 43 0 1
16 44 0 1
22 44 20 1
30 45 0 1
3 45 20 1
27 46 0 1
22 46 20 1
5 47 0 1
3 47 20 1
31 48 0 1
1 49 0 1
5 50 0 1
9 50 20 1
1 51 0 1
2 51 20 1
20 52 0 1
9 52 20 1
32 53 0 1
2 53 20 1
23 54 0 1
24 55 0 1
32 55 20 1
23 56 20 1
9 57 0 1
33 57 20 1
1 58 0 1
19 58 20 1
20 59 0 1
6 59 20 1
29 60 0 1
8 60 20 1
23 61 0 1
30 61 20 1
24 62 0 1
27 62 20 1
34 63 20 1
3 64 0 1
35 64 20 1
8 65 0 1
36 65 20 1
30 66 0 1
37 66 20 1
38 67 0 1
39 67 20 1
28 68 0 1
31 68 20 1
19 69 0 1
39 69 20 1
6 70 0 1
35 70 20 1
40 71 0 1
38 71 20 1
27 72 0 1
31 72 20 1
35 73 0 1
8 73 20 1
41 74 0 1
30 74 20 1
42 75 0 1
37 75 20 1
6 76 0 1
41 76 20 1
19 77 0 1
19 77 20 1
34 78 0 1
6 78 20 1
43 79 0 1
44 79 20 1
30 80 0 1
45 80 20 1
8 81 0 1
31 82 0 1
33 82 20 1
43 83 0 1
31 83 20 1
39 84 0 1
33 84 20 1
46 85 0 1
31 85 20 1
36 86 0 1
46 87 0 1
27 87 20 1
47 88 0 1
35 88 20 1
48 89 0 1
36 89 20 1
31 90 0 1
48 90 20 1
49 91 20 1
24 92 0 1
31 92 20 1
23 93 0 1
39 93 20 1
45 94 0 1
46 94 20 1
20 95 0 1
47 95 20 1
1 96 0 1
50 96 20 1
51 97 0 1
52 97 20 1
20 98 20 1
40 99 0 1
53 99 20 1
39 100 0 1
24 100 20 1
40 101 0 1
39 102 0 1
47 102 20 1
39 103 20 1
8 104 0 1
30 105 0 1
24 105 20 1
50 106 0 1
51 106 20 1
54 107 0 1
20 107 20 1
52 108 20 1
20 109 20 1
55 110 0 1
52 110 20 1
49 111 0 1
23 111 20 1
19 112 0 1
8 112 20 1
6 113 0 1
30 113 20 1
50 114 20 1
47 115 0 1
56 115 20 1
42 116 0 1
47 117 0 1
42 118 0 1
57 118 20 1
49 119 20 1
53 120 0 1
19 120 20 1
58 121 0 1
6 121 20 1
6 122 0 1
6 122 20 1
19 123 0 1
19 123 20 1
49 124 0 1
49 124 20 1
50 125 0 1
59 125 20 1
30 126 0 1
8 127 0 1
60 128 0 1
61 128 20 1
62 129 0 1
50 129 20 1
59 130 0 1
30 130 20 1
54 131 0 1
8 131 20 1
55 132 0 1
55 132 20 1
54 133 0 1
56 134 0 1
24 134 20 1
63 135 0 1
64 135 20 1
55 136 0 1
20 136 20 1
65 137 0 1
52 137 20 1
66 139 0 1
67 139 20 1
68 140 0 1
68 140 20 1
66 141 0 1
63 141 20 1
68 142 0 1
55 142 20 1
24 143 20 1
60 144 0 1
52 144 20 1
68 145 0 1
20 145 20 1
69 146 20 1
46 147 0 1
24 147 20 1
44 148 0 1
46 149 0 1
46 149 20 1
44 150 0 1
62 150 20 1
63 151 20 1
69 152 0 1
68 152 20 1
55 154 0 1
24 154 20 1
58 155 0 1
65 155 20 1
55 156 0 1
20 156 20 1
58 157 0 1
52 157 20 1
64 159 0 1
70 159 20 1
71 160 0 1
60 160 20 1
62 161 20 1
72 162 0 1
54 162 20 1
63 163 0 1
63 163 20 1
72 164 0 1
63 165 0 1
24 165 20 1
71 166 20 1
57 167 0 1
20 167 20 1
62 168 0 1
52 168 20 1
54 169 0 1
67 169 20 1
right_list 6
70 67 55 61 63 68
